12217, 34.6371944, -86.7750556
13061, 27.5441944, -99.4615833
12523, 58.3549722, -134.5762778
14122, 40.4914167, -80.2326944
13851, 35.3930740, -97.6007617
10561, 35.4338611, -119.0576667
11721, 42.9654167, -83.7436667
11503, 39.6427500, -106.9159444
13232, 41.7859722, -87.7524167
10980, 35.0351944, -85.2035556
10747, 25.9068333, -97.4258333
10849, 45.7775717, -111.1520216
11259, 32.8471111, -96.8517778
10434, 41.3384722, -75.7233889
14771, 37.6191050, -122.3752372
14711, 40.8492778, -77.8486944
14150, 45.5709167, -84.7967222
15304, 27.9754722, -82.5332500
11617, 35.0728525, -77.0430201
10781, 30.5329058, -91.1498769
14952, 39.8442222, -89.6780833
12223, 38.3685078, -82.5603602
12191, 29.6454186, -95.2788889
14457, 44.0453333, -103.0573611
13344, 43.1676717, -86.2354387
10693, 36.1244722, -86.6781944
14489, 44.2540556, -121.1499722
11042, 41.4094167, -81.8546944
13930, 41.9793333, -87.9073889
14524, 37.5051667, -77.3196667
11066, 39.9969444, -82.8921667
11525, 40.8249167, -115.7916944
13377, 32.5108611, -92.0376667
12206, 26.2271111, -97.6551389
15376, 32.1160833, -110.9410278
13476, 36.5870000, -121.8429444
10785, 44.4718611, -73.1532778
11252, 29.1799167, -81.0580556
13121, 37.8583056, -80.3994722
14570, 39.4991111, -119.7681111
10170, 57.7499623, -152.4938203
13244, 35.0424167, -89.9766667
11433, 42.2124167, -83.3533889
12278, 37.6499444, -97.4330556
10208, 33.3699444, -81.9645000
12441, 43.6073333, -110.7377500
14869, 40.7883878, -111.9777731
11097, 44.5201944, -109.0238056
14828, 57.0471389, -135.3615833
11109, 38.8058056, -104.7007778
14783, 37.2456667, -93.3886389
12391, 40.7952500, -73.1002222
11337, 46.8420833, -92.1936389
10792, 42.9404167, -78.7305833
13388, 37.6240556, -118.8387500
10135, 40.6523611, -75.4404167
10990, 38.1396428, -78.4523424
11995, 36.1013259, -79.9411234
13303, 25.7953611, -80.2901111
12884, 42.7786389, -84.5861944
10821, 39.1753611, -76.6683333
13486, 46.9163056, -114.0905556
13577, 33.6797500, -78.9283333
13241, 32.3326111, -88.7518611
12323, 34.2711529, -77.9028923
12892, 33.9424955, -118.4080684
13931, 36.8946111, -76.2012222
13029, 40.8508889, -96.7591111
10994, 32.8986389, -80.0405278
12889, 36.0800556, -115.1522500
14492, 35.8776389, -78.7874722
14588, 33.3015556, -104.5305556
11146, 38.3759291, -81.5930039
10165, 51.8779639, -176.6460306
10372, 39.2218889, -106.8682222
10469, 42.2343889, -85.5515556
13198, 39.2976053, -94.7139056
14574, 37.3254722, -79.9754167
10732, 18.4948611, -67.1294444
14113, 42.9098056, -112.5959167
11193, 39.0488367, -84.6678222
11775, 43.5820133, -96.7419136
10800, 34.2006944, -118.3586667
11648, 48.3104722, -114.2560000
11695, 35.1403056, -111.6692500
14814, 32.4466111, -93.8256111
12896, 33.6636667, -101.8205556
10643, 36.5320825, -93.2005444
13433, 48.2576389, -101.2780278
12197, 41.0669444, -73.7075556
15991, 59.5033056, -139.6602500
12758, 19.7387658, -156.0456314
10185, 31.3273717, -92.5485561
13360, 28.1027528, -80.6452569
13485, 43.1398791, -89.3375045
10599, 33.5638889, -86.7523056
12266, 29.9844444, -95.3414444
14747, 47.4498889, -122.3117778
15016, 38.7486972, -90.3700289
12951, 30.2050278, -91.9877500
10731, 31.2590344, -81.4663156
11884, 47.6190278, -117.5352222
10868, 33.9388333, -81.1195278
11140, 27.7703611, -97.5012222
10874, 40.9150556, -81.4436389
14709, 70.1955459, -148.4657901
14487, 40.5090000, -122.2933889
11122, 42.9080000, -106.4644167
11986, 42.8808333, -85.5228056
10779, 45.9548056, -112.4974722
10551, 60.7785556, -161.8371667
11274, 42.4020000, -90.7094722
15024, 18.3373056, -64.9733611
12397, 42.4913611, -76.4587222
11537, 42.1598561, -76.8917457
11577, 42.0830833, -80.1739444
15295, 41.5868056, -83.8078333
13290, 39.1412339, -96.6717970
14107, 33.4342778, -112.0115833
11471, 44.8658045, -91.4842552
12953, 40.7772500, -73.8726111
13459, 46.3536389, -87.3953611
11540, 31.8071944, -106.3763611
10140, 35.0401944, -106.6091944
10926, 60.4917778, -145.4775556
12012, 38.5339444, -106.9330278
11612, 38.0384167, -87.5308611
11278, 38.8519163, -77.0376989
13127, 46.3745000, -117.0153889
12094, 40.4811667, -107.2176667
14794, 37.0363889, -113.5103056
14633, 43.9082778, -92.5000278
13367, 41.4482856, -90.5075201
13342, 42.9469307, -87.8970684
11977, 44.4846389, -88.1297222
11905, 32.3840144, -94.7114867
10299, 61.1740833, -149.9981944
13871, 41.3031667, -95.8940556
14321, 43.6456435, -70.3086164
14843, 18.4392946, -66.0020042
10620, 45.8076667, -108.5428889
13024, 42.1561389, -121.7331944
13891, 34.0560000, -117.6011944
13296, 42.9328056, -71.4357500
11921, 39.1224125, -108.5267347
13422, 30.6914167, -88.2428333
13487, 44.8819722, -93.2217778
11638, 36.7765556, -119.7188333
12402, 19.7202630, -155.0484701
15607, 30.7813722, -83.2762194
12264, 38.9474444, -77.4599444
13795, 34.8291667, -77.6121389
15027, 17.7015558, -64.8017219
11778, 35.3365833, -94.3674444
14685, 32.1275833, -81.2021389
11603, 44.1245833, -123.2119722
14683, 29.5339580, -98.4690571
10713, 43.5643611, -116.2228611
10279, 35.2193611, -101.7059167
13184, 43.5329167, -84.0796389
16218, 32.6565833, -114.6059722
12954, 33.8177540, -118.1517330
12992, 34.7294444, -92.2247778
12982, 21.9759830, -159.3389580
13139, 37.3253889, -79.2012222
14193, 30.4734256, -87.1866122
11049, 30.5885833, -96.3638333
15502, 34.667694, -90.36767
10754, 71.2848889, -156.7685833
10918, 37.7009664, -113.0988458
11699, 34.1853611, -79.7238889
11150, 32.5163333, -84.9388611
15411, 32.3538333, -95.4026944
10157, 40.9778333, -124.1084722
10423, 30.1945278, -97.6698889
13796, 37.7213056, -122.2207222
14674, 35.6171111, -106.0894167
12436, 35.6587413, -117.8295325
10158, 39.4575833, -74.5771667
15401, 33.4537222, -93.9910278
14027, 26.6831667, -80.0955833
11003, 41.8846886, -91.7107986
15096, 43.1111944, -76.1063056
12280, 43.5137222, -112.0707500
11996, 34.8956667, -82.2188611
15323, 36.4751944, -82.4074167
11002, 39.7953889, -121.8584167
14635, 26.5361667, -81.7551667
13873, 64.5121944, -165.4452778
11481, 30.3582500, -85.7956111
14252, 46.2646944, -119.1190278
14576, 43.1191421, -77.6718693
13076, 43.8792778, -91.2566389
14696, 41.7082222, -86.3173333
10627, 46.7727222, -100.7457500
11233, 41.1556389, -104.8104722
14905, 34.8999444, -120.4580833
11203, 44.7776237, -89.6667780
14986, 27.3954444, -82.5543889
14100, 39.8722494, -75.2408658
14543, 41.5942222, -109.0651944
11308, 31.3210278, -85.4494722
11041, 33.1282500, -117.2800833
11697, 26.0725962, -80.1527414
10666, 48.7926944, -122.5375278
11898, 47.9472778, -97.1737778
12339, 39.7172991, -86.2946612
15624, 30.4832194, -86.5260443
14108, 40.6641944, -89.6932500
14098, 37.1318889, -76.4929722
11618, 40.6925000, -74.1686667
10685, 40.4771111, -88.9159167
15412, 35.8109722, -83.9940278
14006, 37.0602875, -88.7729583
13830, 20.8986497, -156.4304579
13256, 26.1758333, -98.2386111
12363, 32.8342222, -115.5787500
12173, 21.3186813, -157.9224287
11637, 46.9206500, -96.8157639
10721, 42.3629722, -71.0064167
11624, 24.5561111, -81.7595556
10146, 31.5355278, -84.1944722
15841, 56.4843333, -132.3698333
11973, 30.4072778, -89.0700833
13158, 31.9425278, -102.2019167
10577, 42.2084429, -75.9796073
10408, 44.2580833, -88.5190833
13204, 28.4293889, -81.3090000
11630, 64.8151111, -147.8564444
11865, 44.3489167, -105.5393611
13277, 32.3006389, -86.3939722
11641, 34.9912222, -78.8802778
12016, 13.4839526, 144.7971321
13264, 42.3742222, -122.8735000
10257, 42.7491111, -73.8019722
14256, 56.8014722, -132.9462222
10581, 44.8074444, -68.8281389
11423, 41.5339722, -93.6630833
11111, 38.8180931, -92.2196292
11057, 35.2137407, -80.9490690
13424, 37.6258333, -120.9544167
13964, 43.4169444, -124.2470278
14057, 45.5887089, -122.5968694
12451, 30.4940556, -81.6878333
14893, 38.6954444, -121.5907778
15249, 30.3967500, -84.3508611
12819, 55.3540833, -131.7112222
11267, 39.9022500, -84.2194167
11298, 32.8968281, -97.0379958
12945, 38.0367500, -84.6086389
15380, 44.7416389, -85.5823611
11823, 40.9784722, -85.1951667
10397, 33.6366995, -84.4278639
14112, 27.9099993, -82.6875447
12003, 47.4826539, -111.3706100
15919, 36.2815794, -94.3077664
14307, 41.7239992, -71.4282211
15370, 36.1983889, -95.8881111
14908, 33.6756667, -117.8682222
12478, 40.6397511, -73.7789256
11413, 37.1515167, -107.7537692
14960, 33.9888028, -98.4919028
15041, 43.5037778, -114.2955556
10930, 41.7801667, -124.2365278
11953, 29.6900556, -82.2717778
12007, 33.4482778, -88.5913889
14254, 18.0083056, -66.5630000
12156, 46.6068056, -111.9827500
15070, 41.5041111, -74.1048333
12448, 32.3111667, -90.0758889
12915, 30.1260833, -93.2234167
10136, 32.4113333, -99.6818889
14689, 34.4261944, -119.8415000
11076, 47.1684172, -88.4890608
13230, 40.1931907, -76.7626206
14698, 35.2372659, -120.6425974
14831, 37.3626667, -121.9291111
13495, 29.9932778, -90.2590278
11292, 39.8616667, -104.6731667
14730, 38.1740858, -85.7364989
10155, 31.6121944, -97.2303056
13970, 66.8846944, -162.5985000
11067, 40.0388333, -88.2778056
15389, 42.4818056, -114.4877500
10529, 41.9391451, -72.6833713
10431, 35.4361944, -82.5418056
15177, 37.9538056, -107.9087500
13502, 38.5098056, -107.8942500
14262, 33.8296667, -116.5066944
11982, 31.0672500, -97.8289167
14679, 32.7335556, -117.1896667